   1.497216    
   5.337696    
   8.900207    
   4.199474    
   1.801001    
   4.714548    
   6.000492    
   3.682768    
   3.467504    
   5.468242    
   6.304399    
   7.451860    
   4.785049    
   8.442118    
   5.803635    
   6.497237    
   5.140036    
   4.642859    
   6.959103    
   1.384738    
   7.185334    
   6.505923    
   4.966856    
   5.205353    
   5.054310    
   5.707757    
   4.648203    
   9.164188    
   6.069479    
   6.055900    
   2.520544    
   2.280671    
   2.412437    
   5.584875    
   4.960979    
   7.501958    
   4.810103    
   7.438711    
   4.811905    
   6.848339    
   6.277663    
   4.888806    
   8.844786    
   5.467768    
   3.839225    
   2.916242    
   7.987862    
   4.803439    
   7.631789    
   3.160974    
   2.609178    
   2.562859    
   3.129512    
   5.378484    
   4.862227    
   2.542498    
   6.332363    
   5.893576    
   2.544241    
   7.544521    
   4.420119    
   4.385520    
   2.215162    
   4.959403    
   5.148008    
   6.942645    
   7.617520    
   3.913097    
   5.371809    
   4.334641    
   7.413772    
   4.215850    
   6.601435    
   1.982014    
   4.702379    
   8.854380    
   5.626872    
   6.732717    
   7.115878    
   2.338477    
   5.811318    
   8.571890    
   4.869845    
   2.400912    
   4.918318    
   3.593789    
   5.733683    
   7.434270    
   5.653697    
   3.568850    
   4.298431    
   6.181843    
   4.974417    
   7.095489    
   6.336681    
   4.661592    
   6.889989    
   7.217689    
   7.041193    
   4.069810    
   9.079693    
   5.552565    
   1.886095    
   4.709298    
   5.992520    
   1.676292    
   6.028113    
   4.643942    
   2.244926    
   5.558574    
   3.477473    
   2.553558    
   4.311320    
   6.921587    
   6.296203    
   5.638680    
   3.674334    
   4.245773    
   5.971388    
   6.879350    
   2.761013    
   3.778506    
   4.539136    
   6.901187    
   7.663004    
   2.274738    
   9.030893    
   5.796704    
   7.264679    
   3.897223    
   5.446719    
   5.489933    
   6.973310    
   5.642907    
   4.993684    
   7.196754    
   4.417970    
   3.083791    
   3.126667    
   4.934033    
   6.275673    
   4.850092    
   8.731483    
   5.327386    
   2.235768    
   2.420017    
   6.137703    
   2.957502    
   7.039177    
   5.620859    
   4.320038    
   5.817270    
   3.750143    
   3.777631    
  0.8789978    
   4.359627    
   3.321949    
   3.293795    
   5.584975    
   5.944781    
   7.594070    
   6.629050    
   8.298707    
   2.936814    
   2.055188    
   3.969567    
   2.532584    
   1.545307    
   5.648798    
   5.058891    
   3.122209    
   6.990808    
   5.871649    
   2.918348    
   7.293732    
   8.659133    
   5.554481    
   5.284967    
   2.158749    
   6.786298    
   3.763480    
   1.038828    
   2.893582    
   5.495023    
   2.383744    
   4.441105    
   3.850823    
   6.331577    
   4.632862    
   5.665044    
   4.116811    
   3.046058    
   5.502069    
   6.001585    
   9.923655    
   4.186837    
   6.745529    
   3.330958    
   3.712803    
   4.850206    
   7.869524    
   3.716144    
   5.990819    
   7.072579    
   1.582432    
   7.588598    
   5.777615    
   3.598227    
   5.346375    
   1.609122    
   5.662591    
   2.659722    
   6.631696    
   4.948877    
   5.658185    
   2.371420    
   5.942558    
   7.831983    
   5.076625    
   3.475887    
   8.181475    
   3.390778    
   5.023205    
   4.653337    
   4.956477    
  0.9388375    
   4.053290    
   7.768148    
   5.681047    
   5.163291    
   4.505805    
   5.106937    
   7.715398    
   2.762653    
   8.612245    
   3.324011    
   5.708730    
   6.220033    
   5.221791    
   4.582275    
   2.009767    
   5.111608    
   2.555959    
   2.435031    
   6.732560    
   5.926302    
   3.943879    
   4.583026    
   3.042521    
   6.330283    
   6.887191    
   4.827726    
   3.788417    
   3.742071    
   5.966527    
   5.681442    
   8.028172    
   7.089702    
   3.924512    
   9.604844    
   4.919330    
   4.303161    
   6.399115    
   5.499015    
   4.170746    
   4.166564    
   7.133118    
   5.627877    
   4.930454    
   6.241155    
   4.010191    
   5.581853    
   3.390779    
   3.306679    
   5.949558    
   4.975599    
   6.614416    
   5.873492    
   8.067131    
   5.545725    
   3.572097    
   5.162237    
   4.848839    
   6.260902    
   2.245339    
   3.777491    
   5.811495    
   6.892597    
   4.131726    
   5.500104    
   3.127059    
   2.016998    
   4.341638    
   3.156611    
   4.029584    
   4.586427    
   2.649616    
   3.158690    
   3.874500    
   3.371318    
   3.228668    
   3.797270    
   7.406285    
   3.979105    
   4.054635    
   6.044431    
   2.575724    
 -8.9365482E-02
   5.829212    
   3.550913    
   4.898356    
   4.805932    
   1.262124    
   3.674258    
   4.825332    
   4.955028    
   4.346290    
   6.175306    
   3.765028    
   6.370289    
   4.586818    
   5.583609    
   6.056932    
   3.419013    
   5.040935    
   4.732243    
   6.249383    
   6.826999    
   2.465543    
   4.251670    
   2.807235    
   2.950885    
   4.909403    
   3.236493    
   1.462527    
   7.877916    
   2.679802    
   6.106678    
   8.249732    
   7.041526    
  0.7828660    
   7.923878    
   2.472164    
   5.582082    
   5.895236    
   7.448884    
   3.420326    
   8.986734    
   1.274991    
   5.424661    
   5.980998    
   7.019290    
   7.131437    
   6.864034    
   6.971147    
   3.212074    
   6.517599    
   4.913875    
   2.659405    
   7.496392    
   4.283798    
   4.607262    
   7.427660    
   5.775220    
   6.680148    
   3.588479    
   1.150412    
   3.650033    
   1.363787    
   2.954385    
   4.818657    
   5.297627    
   6.385365    
   4.117101    
   6.247873    
   8.973560    
   3.514438    
   5.774508    
   3.981798    
   3.321113    
   6.759021    
 -0.2121716    
   3.623099    
   4.728362    
   5.591267    
   4.520903    
   3.612253    
   4.946279    
   4.426430    
   5.682889    
   8.041471    
   2.742484    
   1.417328    
   7.433499    
   5.559087    
   6.467635    
   4.570874    
   5.379157    
   4.913502    
   7.074161    
   4.727265    
   3.204515    
   4.909021    
   3.510269    
   7.195760    
   4.797369    
   8.541952    
   3.885138    
   1.973395    
   5.998965    
   5.638847    
   4.898919    
   3.715845    
   6.002114    
   6.032608    
   6.435884    
   2.696526    
   3.440417    
   2.688035    
   2.650165    
   7.729139    
   3.310686    
   2.687100    
   3.676898    
   4.851565    
   4.587262    
   7.585846    
   6.196032    
   2.825356    
   1.578017    
   8.212094    
   8.655836    
   4.623518    
   6.947196    
   3.571146    
   5.830513    
   2.381002    
   1.531694    
   1.096638    
   7.883121    
   4.461263    
   6.291920    
   2.306912    
   6.154438    
   4.453008    
   5.841983    
   2.633429    
   4.236857    
   5.464459    
   4.072422    
   7.570280    
   3.084588    
   2.812042    
   9.543564    
   3.221200    
   2.163839    
   2.781886    
   6.800447    
   4.418737    
   4.019405    
   9.794065    
   2.146014    
   4.564296    
   3.923023    
   7.276305    
   4.345904    
   6.786755    
   6.727740    
   6.823957    
   4.298203    
   6.139175    
   4.971447    
   6.366795    
   7.219861    
   6.625235    
   3.029881    
   9.029123    
   4.360241    
   5.517040    
   5.522110    
   3.972060    
   7.463639    
   3.697429    
   2.204910    
   7.524666    
   6.332471    
   3.618666    
   2.462449    
   3.739985    
   5.184583    
   7.421100    
   3.151433    
   4.555179    
   3.368079    
   7.893807    
   3.015229    
   3.643322    
   7.059440    
   7.671507    
   4.931868    
   3.714749    
   6.549401    
   3.390911    
   8.260676    
   3.298898    
   4.724464    
   7.158675    
   6.045379    
   3.873950    
   5.822069    
   4.236528    
   8.129595    
   9.794817    
   3.677325    
   5.098850    
   5.837556    
   4.513952    
   2.852238    
   5.299687    
  0.4323187    
   5.102723    
   4.280834    
  0.7801785    
   6.148007    
   9.163002    
   5.312605    
   7.354136    
   3.036352    
   5.735814    
   2.243445    
   7.120915    
   1.612374    
   8.174296    
   5.589456    
   5.051461    
   5.621531    
   3.121209    
  0.9158697    
   7.566546    
   8.008770    
   4.678875    
   8.203284    
   9.110115    
   5.011510    
   2.863215    
   6.687737    
   6.618329    
   8.106966    
   4.875485    
   7.184269    
   9.390374    
   5.706494    
   5.990066    
   5.913970    
   6.233120    
   7.072722    
   9.697071    
   10.19989    
   4.387573    
   6.054658    
   6.395481    
   1.652724    
   6.352277    
   4.524483    
   2.706691    
   8.355624    
   4.431101    
  0.8287301    
   3.551258    
   5.970123    
   2.380443    
   6.240974    
   5.253199    
   6.605577    
   5.640069    
   3.139074    
  0.5788579    
   5.851828    
   7.248544    
   4.169834    
   2.706668    
   2.218740    
   6.322478    
 -0.4732094    
   6.842127    
   4.069379    
   1.402645    
   4.522479    
   5.531917    
   5.236392    
   7.035028    
   3.917835    
   4.446218    
   3.307594    
   4.972725    
   6.138530    
   2.488203    
  0.8222747    
   4.415337    
   4.716406    
   4.819426    
   9.181304    
   7.670638    
   5.669793    
   2.464157    
   6.532740    
   6.745033    
   4.158991    
   4.842230    
   5.839581    
   6.834209    
   2.714459    
   4.602847    
   2.650815    
   4.216241    
   7.276664    
   2.232495    
   4.792996    
   7.076396    
   5.101296    
   2.529602    
   2.680686    
   4.614182    
   9.307058    
   2.132984    
   5.365792    
   9.607771    
   5.373218    
   4.579311    
   1.793634    
   4.383125    
   5.037343    
   4.399703    
   6.919496    
   3.653180    
   2.327008    
   1.923472    
   5.927139    
   6.424664    
   2.081858    
   5.785160    
   5.765616    
   7.962765    
   3.956445    
   3.149122    
   4.381176    
   5.567366    
   2.792974    
   4.929334    
   2.401617    
   5.183439    
   3.225489    
   10.30868    
   7.884592    
   4.540901    
   5.341335    
   3.130911    
   4.049698    
   4.549065    
   6.364911    
   3.556826    
   4.910003    
   4.470125    
   2.260013    
   3.319177    
   2.407766    
   6.318748    
   5.685781    
   3.155184    
   7.520138    
   1.749989    
   5.871158    
   4.142608    
   5.671209    
   6.738082    
   6.357611    
   1.390930    
   8.789719    
   9.241056    
   6.150687    
   5.029345    
   5.926541    
   8.411241    
   5.728556    
   6.143572    
   6.909085    
   7.621819    
   2.947673    
   7.117449    
   3.238239    
   5.044161    
   6.299982    
   4.124700    
   5.944032    
   4.382847    
   4.763497    
   4.192560    
   3.951311    
   4.912650    
   2.888468    
   4.398380    
   4.348410    
   2.617644    
   5.199788    
   9.497219    
   5.815197    
   4.151166    
   2.955050    
   4.862044    
   1.075575    
   3.459656    
   4.524381    
   8.270120    
   6.335991    
   1.130087    
   6.389762    
   3.217157    
   4.610496    
   2.108091    
   10.13122    
   5.964578    
   2.397542    
   4.476838    
   3.090468    
   9.133312    
   3.794373    
   7.457131    
   2.861166    
   2.501220    
   6.131653    
   2.186901    
   5.599978    
   6.461211    
   4.755263    
   4.504544    
   5.591497    
   9.068544    
   7.705318    
   5.469732    
   2.093306    
   6.026054    
   4.299689    
   4.408135    
   5.897977    
   5.745105    
   3.165820    
   5.486179    
   4.606005    
   2.400470    
   6.698531    
   3.668436    
   5.152968    
   6.257414    
   5.944465    
   5.597750    
   5.995387    
   2.317224    
   4.990201    
   1.284231    
   8.860626    
   4.802028    
   2.541205    
   5.170217    
   3.499797    
   2.339100    
   8.860811    
   4.799326    
   4.805692    
   3.338733    
   7.014473    
   6.592075    
   7.196182    
   3.823898    
   4.959623    
   4.733294    
   6.619963    
   3.171145    
   5.560896    
   6.664565    
   6.022253    
   8.819917    
   4.477151    
   4.162320    
   5.474072    
   4.853226    
   5.246231    
   3.533878    
   6.235413    
   4.821090    
   1.598800    
   9.183339    
   3.153899    
   4.171529    
   5.397317    
   2.319436    
   5.854812    
   3.658798    
   6.212965    
   3.677265    
   4.891583    
   2.763522    
   3.182020    
   3.876766    
   6.974229    
   5.822319    
   6.342165    
   7.723924    
   6.532905    
   3.690015    
   3.818235    
   4.307877    
   7.049046    
   7.258455    
   3.538245    
  0.8855653    
   4.057133    
  0.4922123    
   5.060662    
   5.671548    
   4.885110    
   3.024446    
 -0.6564918    
   5.102464    
   7.062827    
   4.030514    
   3.764915    
   3.315130    
   5.594045    
   3.020587    
   6.914924    
   6.453720    
   7.247052    
   5.777634    
   4.721618    
   5.566394    
   5.625855    
   8.401855    
   6.101949    
   7.027210    
   3.936410    
   6.617956    
   3.592734    
   3.847421    
   3.373934    
   1.408821    
   9.705153    
   5.757009    
   4.437984    
   9.566278    
   6.207668    
   5.053951    
   5.757035    
   6.724012    
   5.755845    
   1.564792    
   3.818489    
   3.544645    
   3.834833    
   3.917360    
   2.859946    
   3.427205    
   6.660781    
   5.187514    
   3.004651    
   5.999285    
   6.836429    
   5.652981    
   7.648678    
   3.054774    
   3.896579    
   4.253419    
   3.226310    
   5.304335    
   9.185162    
   6.220583    
   6.948991    
   5.494953    
   1.356131    
   6.348462    
   2.818683    
  0.4554257    
   3.948896    
   5.721108    
   5.091473    
   2.597364    
   4.732098    
   1.089809    
   5.111253    
   6.728940    
   5.539303    
   9.550771    
   7.974007    
  0.4201941    
   3.927581    
   6.606306    
   3.316723    
   6.154397    
   4.955657    
   2.772188    
   7.725809    
   2.867600    
   7.133131    
   6.298961    
   5.634089    
   4.089815    
   6.504711    
   6.609034    
   8.824363    
   3.318058    
   5.136036    
  0.2905359    
   3.616365    
   6.233887    
  0.6703405    
   3.007924    
   3.960120    
   7.548968    
   2.139671    
   4.604468    
   3.788248    
   4.084954    
   6.689176    
   4.248734    
   11.71302    
   7.458819    
   5.079779    
   8.549217    
   3.031734    
   7.260065    
   3.740119    
   7.100883    
   6.905695    
   6.190638    
   4.330182    
   4.819359    
   3.429248    
   9.455184    
   8.868422    
   1.990403    
   3.436552    
   2.272959    
   4.591492    
   3.281551    
   2.454233    
   4.586998    
   4.172822    
   6.705126    
   6.496361    
   4.276802    
   5.768897    
   6.061999    
   4.432056    
   5.128633    
   8.943733    
   4.950785    
   8.765325    
   3.229804    
   4.669992    
   4.903720    
   4.188809    
   4.695213    
   6.747869    
   7.150723    
   6.215880    
   4.029003    
   4.494689    
   4.708900    
   4.922078    
   5.603248    
   4.304859    
   8.410087    
   4.201088    
   4.763584    
   3.751579    
   9.053257    
   4.890534    
   5.554608    
   6.994939    
   4.324386    
   1.211797    
   6.065122    
   6.664016    
   6.229719    
   7.425972    
   1.054131    
   6.290331    
   6.738203    
   5.100802    
   6.327267    
   4.844885    
   5.092032    
   3.018633    
   6.385914    
   6.669865    
   5.397863    
   4.716764    
   3.748214    
   5.094931    
   2.461436    
   6.731035    
   4.363852    
   4.413456    
   2.334925    
   4.388637    
   5.310083    
   4.288013    
   4.411716    
   5.817981    
   4.340287    
   12.21764    
   3.493958    
   4.691960    
   2.726335    
   5.724759    
   3.214550    
   6.470931    
  0.6994381    
   7.346567    
   3.197394    
   5.970955    
   5.708453    
   6.799113    
   1.329002    
   4.566048    
   4.222597    
   7.643826    
   5.417402    
   2.880762    
   4.128910    
   7.262887    
   5.255726    
   4.644610    
   2.161772    
   5.118773    
   4.740961    
   3.341481    
   3.331983    
   5.851713    
   2.609207    
   8.978706    
   6.666077    
   1.261629    
   2.187352    
   5.883665    
   2.881913    
   7.088165    
   6.034440    
   2.799026    
   6.949510    
   8.348783    
   4.619040    
   3.475925    
   5.793784    
   6.432962    
   6.319823    
   5.212453    
   5.598290    
   3.264729    
   5.139453    
   4.711503    
   5.885870    
   5.981194    
   4.737121    
   3.139474    
   7.872584    
   8.996452    
   7.272844    
   4.378122    
   5.637878    
   3.237698    
   4.420082    
   5.647724    
   2.766135    
   4.605403    
   2.767724    
   3.579974    
   5.206199    
   3.409526    
   6.219648    
   2.199282    
   4.835262    
   6.426103    
   3.040071    
  0.7634001    
   7.810249    
   7.232224    
   2.735719    
   4.591734    
   2.314634    
   6.208618    
   5.530913    
   8.048340    
   9.321686    
   1.681491    
   5.242424    
   3.816369    
  -1.487648    
   4.291490    
   6.439345    
   6.125393    
   5.285374    
   8.710115    
   4.305841    
 -0.1428022    
   6.102066    
   5.147476    
   5.536580    
   3.340026    
   8.035352    
   6.646924    
   1.837984    
   4.300017    
   5.628947    
   3.733722    
   7.308260    
   3.025660    
   5.217152    
   3.172919    
   4.248287    
   4.811085    
   5.732442    
   6.885758    
   5.146318    
   2.863405    
   4.954567    
   2.693974    
   8.032601    
   1.484199    
   5.217351    
   6.247592    
   3.742065    
   5.580089    
   6.023500    
   4.626981    
   4.402725    
   7.014198    
   6.337584    
   7.069742    
   6.800662    
   3.631048    
   4.382740    
   3.637656    
   5.809380    
   2.683363    
   1.955108    
   4.385405    
   7.546405    
   2.450559    
   4.599007    
   5.926366    
   8.132406    
   3.584420    
   4.797012    
   5.821430    
   4.777358    
   4.271737    
  0.4818492    
   8.245938    
   4.802627    
   5.784079    
   7.801573    
   5.551052    
   1.605309    
 -0.3971381    
   3.728793    
   6.807901    
   5.277271    
   4.204103    
   6.659710    
   8.740745    
   4.237460    
   8.007453    
   1.741961    
   4.036150    
   5.466001    
   4.845778    
   3.892265    
   3.887782    
   4.738913    
   2.550442    
   7.707051    
   8.802473    
   3.158444    
   3.628738    
   9.000185    
   3.692676    
  -1.406076    
   7.096273    
   4.101588    
   3.137919    
   8.944817    
   6.087616    
   7.051341    
   4.854007    
   6.088726    
   3.890076    
   5.473052    
   6.200023    
   3.949360    
   6.666928    
   3.628563    
   5.541533    
   4.161599    
   3.881113    
   2.084152    
   5.911710    
   5.357260    
   3.877747    
   2.136467    
   5.593706    
   2.234470    
   9.157774    
   3.512637    
   4.123405    
   2.769524    
   5.803288    
   2.885358    
   6.316693    
   4.598190    
   8.851132    
   6.738757    
   8.031790    
   6.428099    
   5.235977    
   4.790613    
   5.019834    
   3.600208    
   4.247387    
   6.033213    
   2.211343    
   4.099730    
   4.942259    
   4.865199    
   6.332182    
   7.035431    
   5.495714    
   8.961650    
   3.038161    
   6.055079    
   4.011162    
   4.925458    
   3.166547    
   5.356985    
   3.505907    
   4.802244    
   7.676992    
   4.813433    
   4.198695    
  0.3768077    
   6.098114    
   5.110840    
   4.298889    
   2.723659    
   5.614199    
   5.130757    
   4.737101    
   2.177289    
   6.224267    
   8.002127    
   6.953598    
   3.834329    
   8.258518    
   8.475682    
   5.852389    
   6.710210    
   6.175582    
   6.192635    
   7.543254    
   6.600376    
   5.286352    
   4.218230    
   3.150337    
   4.647727    
   5.046457    
   6.392920    
   4.207207    
   3.555749    
   2.030694    
   2.299235    
   4.693851    
   4.813222    
   4.801164    
   6.102736    
   5.277438    
   7.323750    
   7.166759    
   10.29470    
   3.769372    
   4.823216    
   4.549670    
   5.013228    
   7.358556    
   4.296611    
   5.127473    
   4.272014    
   7.846248    
   5.934194    
   5.836452    
   3.376095    
  0.9120197    
   5.809610    
   2.967404    
   5.210388    
   2.859719    
   6.412746    
   3.638150    
   4.738474    
   5.546627    
   3.284914    
   4.421128    
   4.703422    
   3.148951    
   3.808750    
   7.989259    
   4.870675    
   2.155636    
   3.331151    
   5.109070    
   5.599009    
   9.465830    
   7.172560    
   5.476301    
   5.909585    
   2.303538    
   3.966047    
   2.006585    
   4.941981    
   5.226659    
   6.657650    
   8.899354    
   3.424280    
   7.973737    
   8.073398    
   3.058289    
   4.336381    
   5.159052    
   1.524210    
   4.415384    
  0.8886199    
   9.568336    
   1.773871    
   5.408494    
   3.082426    
   5.950996    
   5.866503    
   6.701892    
   8.126923    
   4.724293    
   9.121563    
   3.979651    
   6.446450    
   3.657536    
   3.710062    
   3.971045    
   2.832242    
   4.777367    
   1.668067    
   4.476221    
   4.937992    
   5.773943    
   3.434585    
   4.069374    
   1.934916    
   6.534932    
   6.120817    
   3.684713    
   4.360957    
   5.982644    
   6.848775    
   6.259008    
   5.963697    
   8.197659    
   4.710443    
   8.657000    
   7.062755    
   3.423916    
   5.515695    
   1.955179    
   6.929755    
   1.329246    
   3.884811    
   6.313048    
   4.116250    
   9.147417    
   5.053993    
   5.001087    
   2.062424    
   4.360392    
   5.085030    
   7.739215    
   8.823443    
   2.584268    
   6.674602    
   4.999893    
   6.071347    
   5.889472    
   5.761810    
   4.721997    
   2.786846    
   5.449195    
   8.040998    
   10.21399    
   7.983633    
   5.020577    
   7.610602    
   5.503560    
   4.517593    
   2.820219    
   7.445118    
   2.475624    
   4.534874    
   5.700659    
   3.641439    
   7.185102    
 -0.1329575    
   5.113594    
   4.613461    
   5.326992    
   6.253035    
   5.994509    
   6.500739    
   7.853457    
   5.230888    
   3.042753    
   2.937016    
   1.319987    
   8.449254    
   8.060747    
   6.943600    
   2.027063    
   5.602753    
   7.666216    
   5.475399    
   2.262157    
   2.354235    
   1.904038    
   5.368105    
   2.496195    
   1.913708    
   6.324277    
   5.989161    
   5.679430    
   5.558925    
   5.971819    
   5.345111    
   2.026360    
   8.481793    
   6.606105    
   2.640104    
   5.508088    
   5.221315    
   2.732424    
   4.099064    
   6.321633    
   4.956646    
   3.589330    
   4.561556    
   9.452415    
   3.998006    
   6.207501    
   2.632669    
   4.404159    
   3.969186    
   5.636257    
   5.037860    
   7.089604    
   6.068578    
   4.037211    
   7.306938    
   3.756404    
   6.131214    
   8.926332    
   11.04265    
   7.725143    
   4.632644    
   4.856713    
   2.117383    
   8.700343    
   3.880454    
   8.397487    
   3.525485    
   4.088784    
   6.484269    
   5.331423    
   3.921597    
   4.289457    
   1.404227    
   1.179893    
   4.663728    
   5.276985    
   5.988354    
   7.860373    
   5.781700    
   8.512988    
   5.362803    
   5.928470    
   4.268245    
   3.283661    
   5.679941    
   8.846328    
   3.988107    
   7.408001    
   4.751840    
   4.094250    
   1.110477    
   6.211592    
   7.500269    
   4.355651    
   5.129696    
   4.726178    
   7.609188    
   4.479650    
   5.119790    
   2.019481    
   7.346375    
   5.730518    
   6.287746    
   5.679552    
   5.537836    
   6.102702    
   2.836624    
   5.540102    
   3.125328    
   5.688163    
   6.716786    
   5.084288    
   5.829189    
   7.750440    
   5.132296    
   1.579996    
   9.291084    
   5.411345    
   2.286787    
   7.591698    
   7.220268    
   2.613111    
   4.503851    
   7.498768    
   3.727834    
   3.549572    
   6.085774    
   1.575290    
   5.179239    
   5.357851    
   5.791950    
   5.502622    
   4.610076    
   5.662600    
   4.155441    
   5.542538    
   3.771758    
   4.151884    
   3.029094    
   10.72684    
   2.717131    
   5.750973    
   6.082899    
   5.113032    
   7.994924    
   5.606194    
   5.105584    
   2.424586    
   3.940817    
   4.028902    
   6.625899    
   6.498147    
   6.765531    
   2.929738    
   5.314727    
 -0.8536868    
   6.576153    
   6.228286    
   5.357103    
   5.654890    
   2.302008    
   6.146478    
   5.738850    
   8.031764    
   7.644015    
   3.564457    
   3.640654    
   5.622220    
   5.161174    
   7.481689    
   1.804586    
   2.796710    
 -0.3085380    
  0.7466660    
   5.853416    
   3.198778    
   6.162673    
   2.796512    
   1.294853    
   5.614565    
   7.697689    
   8.432312    
   6.348962    
   4.445165    
   4.784716    
   4.317335    
   7.297368    
   3.933356    
   2.252018    
   5.993113    
   3.994453    
   8.828661    
   7.250629    
   8.675325    
   3.286956    
   5.799087    
   4.711167    
   4.460324    
   4.704337    
   7.460320    
   11.01017    
   4.579663    
   5.526005    
   4.302513    
   2.959639    
   4.591007    
   6.882392    
   5.170468    
   6.768835    
   4.175861    
   7.377499    
   8.484061    
   6.732095    
   8.701483    
   4.922577    
   1.102071    
   4.214868    
   8.208900    
   3.228899    
   3.537990    
   4.601289    
   5.256370    
   7.211967    
   6.089076    
   3.325952    
   3.395249    
   3.292336    
   4.051360    
   3.671114    
   5.364867    
   6.391535    
   6.199911    
   7.185698    
   3.151275    
   4.418764    
   5.325381    
   6.911097    
   5.246259    
   3.404349    
   5.009242    
   4.519973    
   5.387370    
   7.795250    
   6.004074    
   6.658512    
   4.117972    
   6.761205    
   5.574123    
   2.625689    
  0.8882337    
   5.132597    
   4.617235    
   4.233046    
   5.107800    
   5.021244    
   6.695783    
   4.107075    
   4.816554    
   4.820050    
   3.016045    
   3.456784    
   8.412967    
   3.566027    
   5.964874    
   3.088435    
   3.531964    
   4.886264    
   4.149206    
   7.307941    
   3.507232    
   3.790955    
   5.323939    
   4.316573    
   5.715802    
   4.311990    
   3.661363    
   1.417021    
   6.043474    
   7.268547    
   2.891620    
   4.698888    
   2.576263    
   5.541406    
   4.593588    
   1.692179    
   7.217061    
   5.987464    
   8.164786    
   3.929515    
   3.448327    
   2.255354    
   6.065954    
   5.871281    
   5.729569    
   6.548745    
   2.800606    
   4.732205    
   5.602263    
   4.525985    
   6.342644    
   7.703341    
   6.638642    
   3.861368    
   6.446174    
   6.173875    
   6.870178    
   6.740881    
   5.683929    
   7.929653    
   3.593528    
   4.705665    
   3.529187    
   6.283608    
   6.480037    
   6.352563    
   2.712022    
   4.857092    
   6.596828    
   2.466274    
   2.322808    
   6.851178    
   4.759496    
   6.237099    
   5.584068    
   3.241092    
   9.581177    
   4.738386    
   3.319698    
   5.190596    
   7.848177    
   4.366982    
   7.580045    
   7.236030    
   6.930135    
   3.632712    
   5.308817    
   4.494703    
   3.495594    
   2.580700    
   6.748830    
   6.108153    
   4.871819    
   8.905545    
   6.331086    
   4.784614    
   5.608909    
   4.717063    
   2.189020    
   4.548372    
   6.163861    
   6.515001    
  0.9007258    
   4.359027    
   3.890524    
   10.11710    
   5.991663    
   4.137733    
   5.345425    
   4.349476    
   5.265518    
   7.339181    
   2.956414    
   3.180303    
   6.069998    
   6.549218    
   5.279923    
   3.803044    
  0.5632100    
   5.064947    
   2.386198    
   2.410558    
   4.954919    
   7.256138    
   4.565021    
   6.008268    
   6.507213    
   5.313334    
   4.236398    
   4.028372    
   3.099857    
   6.107565    
   6.573120    
   6.306001    
   5.381674    
   5.514350    
   5.728651    
   7.931257    
   4.943614    
   4.145435    
   6.305648    
   5.147635    
   2.215836    
   3.729879    
   2.739316    
   4.066832    
   4.335800    
   3.544843    
   4.732939    
   4.894716    
   4.123348    
   6.356665    
   5.417953    
   3.982719    
   5.292456    
   4.285726    
   7.116976    
   4.034525    
   2.802962    
   3.529100    
   6.073942    
   6.462512    
   5.803854    
   5.628125    
   3.007422    
   3.427840    
  0.4895401    
   1.770069    
   3.108452    
   4.322235    
   5.871061    
   6.694586    
  0.6059799    
   6.631032    
   3.232987    
   5.398870    
   4.658311    
   4.385637    
   3.869317    
   3.885019    
   4.493651    
   4.453229    
   6.471790    
   4.823516    
   3.718160    
   7.064908    
   5.468157    
   3.333493    
   5.534698    
   4.614178    
   6.120800    
   5.401364    
   4.259987    
   4.889405    
   3.992299    
   4.603310    
  0.9665418    
   4.950200    
   6.864761    
   3.669739    
   1.798473    
   4.381056    
   4.859272    
   4.447971    
   4.840855    
   5.073158    
   3.264729    
   4.766545    
   8.348506    
  0.6516247    
   8.790042    
   5.440626    
   7.563377    
   6.404152    
   6.697241    
   6.703687    
   6.606459    
   2.716001    
   6.081380    
   3.135593    
   2.257183    
   8.133728    
   3.257702    
   4.844347    
   7.402017    
   2.624403    
   3.056854    
   5.505565    
   1.961941    
   8.115255    
   2.549304    
   4.496746    
   7.137783    
   6.392189    
   5.887419    
   1.839222    
   6.187464    
   5.918497    
   8.533340    
   8.496909    
   4.944032    
   5.863665    
   4.554404    
   2.867212    
   6.443802    
   5.817911    
   4.897486    
   4.855890    
   7.249338    
   5.321556    
   5.961892    
   5.237505    
   6.316223    
   3.917937    
 -0.5491624    
   4.762667    
   5.871235    
   6.511378    
   5.660450    
   5.295102    
   5.854311    
   5.855688    
   4.149991    
   5.622774    
   3.520827    
   10.24370    
   6.309416    
   7.192811    
   4.336239    
  0.6652789    
   3.382104    
   3.999777    
   6.980689    
   5.283726    
   1.333380    
   9.327595    
   7.469904    
   2.825921    
   5.497666    
   3.787097    
   7.556564    
   3.188568    
   7.364897    
   5.916946    
   3.735509    
   7.310632    
   2.765727    
   3.548251    
   8.125338    
   3.270907    
   3.746572    
   5.189377    
   4.411576    
   7.144132    
   1.409644    
   7.070705    
   2.789419    
   4.565394    
   3.329192    
   3.166108    
   5.560154    
   8.983791    
   2.470484    
   8.955193    
   5.837935    
   5.071399    
   4.278330    
   2.999602    
   8.128708    
   4.901728    
   5.272041    
   4.749166    
   4.206217    
   6.847478    
   6.939245    
   7.379570    
   6.332629    
   4.530174    
  4.9846649E-02
   4.736059    
   5.129002    
   4.609105    
   4.920193    
   5.266478    
   4.582416    
  0.9933028    
   6.915396    
   4.878434    
   5.425063    
   5.953506    
   8.563837    
   7.000569    
   2.572889    
   4.289242    
   3.750232    
   3.315932    
   3.534555    
